   649.620
   649.858
   650.097
   650.335
   650.574
   650.814
   651.053
   651.293
   651.532
   651.772
   652.012
   652.253
   652.493
   652.734
   652.975
   653.216
   653.457
   653.699
   653.940
   654.182
   654.424
   654.666
   654.909
   655.151
   655.394
   655.637
   655.880
   656.124
   656.367
   656.611
   656.855
   657.099
   657.343
   657.588
   657.833
   658.078
   658.323
   658.568
   658.813
   659.059
   659.305
   659.551
   659.797
   660.044
   660.291
   660.537
   660.784
   661.032
   661.279
   661.527
   661.775
   662.023
   662.271
   662.519
   662.768
   663.017
   663.266
   663.515
   663.765
   664.014
   664.264
   664.514
   664.764
   665.015
   665.265
   665.516
   665.767
   666.018
   666.270
   666.521
   666.773
   667.025
   667.277
   667.530
   667.782
   668.035
   668.288
   668.541
   668.795
   669.049
   669.302
   669.556
   669.811
   670.065
   670.320
   670.575
   670.830
   671.085
   671.340
   671.596
   671.852
   672.108
   672.364
   672.621
   672.878
   673.134
   673.392
   673.649
   673.906
   674.164
   674.422
   674.680
   674.939
   675.197
   675.456
   675.715
   675.974
   676.233
   676.493
   676.753
   677.013
   677.273
   677.533
   677.794
   678.055
   678.316
   678.577
   678.839
   679.100
   679.362
   679.625
   679.887
   680.149
   680.412
   680.675
   680.938
   681.202
   681.465
   681.729
   681.993
   682.251
   682.506
   682.761
   683.016
   683.270
   683.525
   683.780
   684.035
   684.290
   684.545
   684.800
   685.055
   685.310
   685.565
   685.820
   686.074
   686.329
   686.584
   686.839
   687.094
   687.349
   687.601
   687.871
   688.140
   688.410
   688.680
   688.950
   689.220
   689.491
   689.762
   690.033
   690.304
   690.575
   690.847
   691.119
   691.391
   691.664
   691.936
   692.209
   692.482
   692.755
   693.029
   693.302
   693.576
   693.850
   694.125
   694.399
   694.674
   694.949
   695.225
   695.500
   695.776
   696.052
   696.328
   696.604
   696.881
   697.158
   697.435
   697.712
   697.990
   698.267
   698.545
   698.823
   699.102
   699.381
   699.659
   699.939
   700.218
   700.497
   700.777
   701.057
   701.338
   701.618
   701.899
   702.180
   702.461
   702.742
   703.024
   703.306
   703.588
   703.870
   704.153
   704.436
   704.719
   705.002
   705.285
   705.569
   705.853
   706.137
   706.422
   706.706
   706.991
   707.276
   707.562
   707.847
   708.133
   708.419
   708.706
   708.992
   709.279
   709.566
   709.853
   710.141
   710.428
   710.716
   711.005
   711.293
   711.582
   711.871
   712.160
   712.449
   712.739
   713.029
   713.319
   713.609
   713.900
   714.191
   714.482
   714.773
   715.065
   715.356
   715.648
   715.941
   716.233
   716.526
   716.819
   717.112
   717.406
   717.700
   717.994
   718.288
   718.582
   718.877
   719.172
   719.467
   719.763
   720.058
   720.354
   720.651
   720.947
   721.244
   721.541
   721.838
   722.135
   722.433
   722.731
   723.029
   723.328
   723.626
   723.925
   724.224
   724.524
   724.823
   725.123
   725.424
   725.724
   726.025
   726.326
   726.627
   726.928
   727.230
   727.532
   727.834
   728.137
   728.439
   728.660
   728.963
   729.266
   729.569
   729.873
   730.177
   730.481
   730.785
   731.090
   731.395
   731.700
   732.005
   732.311
   732.617
   732.923
   733.229
   733.536
   733.843
   734.150
   734.458
   734.765
   735.073
   735.381
   735.690
   735.999
   736.308
   736.617
   736.926
   737.236
   737.546
   737.856
   738.167
   738.477
   738.788
   739.100
   739.411
   739.723
   740.035
   740.347
   740.660
   740.973
   741.286
   741.599
   741.913
   742.227
   742.541
   742.855
   743.170
   743.485
   743.800
   744.116
   744.431
   744.747
   745.064
   745.380
   745.697
   746.014
   746.331
   746.649
   746.967
   747.285
   747.603
   747.922
   748.241
   748.560
   748.879
   749.199
   749.519
   749.839
   750.160
   750.481
   750.802
   751.123
   751.445
   751.767
   752.089
   752.411
   752.734
   753.057
   753.380
   753.703
   754.027
   754.351
   754.676
   755.000
   755.325
   755.650
   755.976
   756.301
   756.627
   756.954
   757.280
   757.607
   757.934
   758.261
   758.589
   758.917
   759.245
   759.573
   759.902
   760.231
   760.561
   760.890
   761.220
   761.550
   761.881
   762.211
   762.542
   762.873
   763.205
   763.537
   763.869
   764.201
   764.534
   764.867
   765.200
   765.534
   765.867
   766.201
   766.536
   766.870
   767.205
   767.541
   767.876
   768.212
   768.548
   768.884
   769.221
   769.558
   769.895
   770.233
   770.570
   770.909
   771.247
   771.586
   771.925
   772.264
   772.603
   772.943
   773.283
   773.624
   773.964
   774.305
   774.647
   774.988
   775.330
   775.672
   776.015
   776.357
   776.700
   777.044
   777.387
   777.731
   778.076
   778.420
   778.765
   779.110
   779.455
   779.801
   780.147
   780.493
   780.840
   781.187
   781.534
   781.882
   782.221
   782.556
   782.892
   783.227
   783.563
   783.898
   784.234
   784.569
   784.905
   785.240
   785.576
   785.911
   786.247
   786.582
   786.918
   787.253
   787.589
   787.924
   788.260
   788.595
   788.931
   789.263
   789.616
   789.971
   790.325
   790.680
   791.035
   791.390
   791.745
   792.101
   792.457
   792.814
   793.171
   793.528
   793.885
   794.243
   794.601
   794.959
   795.318
   795.677
   796.036
   796.396
   796.756
   797.116
   797.477
   797.837
   798.199
   798.560
   798.922
   799.284
   799.646
   800.009
   800.372
   800.735
   801.099
   801.463
   801.827
   802.192
   802.557
   802.922
   803.288
   803.654
   804.020
   804.386
   804.753
   805.120
   805.488
   805.856
   806.224
   806.592
   806.961
   807.330
   807.699
   808.069
   808.439
   808.809
   809.180
   809.551
   809.922
   810.294
   810.666
   811.038
   811.411
   811.784
   812.157
   812.531
   812.905
   813.279
   813.654
   814.029
   814.404
   814.779
   815.155
   815.532
   815.908
   816.285
   816.662
   817.040
   817.418
   817.796
   818.175
   818.553
   818.933
   819.312
   819.692
   820.072
   820.453
   820.834
   821.215
   821.597
   821.978
   822.361
   822.743
   823.126
   823.509
   823.893
   824.277
   824.661
   825.046
   825.431
   825.816
   826.202
   826.587
   826.974
   827.360
   827.747
   828.135
   828.522
   828.910
   829.299
   829.687
   830.076
   830.466
   830.856
   831.246
   831.636
   832.027
   832.418
   832.809
   833.201
   833.593
   833.986
   834.379
   834.772
   835.166
   835.559
   835.954
   836.348
   836.743
   837.139
   837.534
   837.930
   838.327
   838.723
   839.120
   839.518
   839.916
   840.314
   840.712
   841.111
   841.510
   841.910
   842.310
   842.710
   843.111
   843.512
   843.913
   844.315
   844.717
   845.119
   845.522
   845.925
   846.329
   846.732
   847.137
   847.541
   847.946
   848.352
   848.757
   849.163
   849.570
   849.977
   850.384
   850.791
   851.199
   851.607
   852.016
   852.411
   852.718
   853.026
   853.334
   853.642
   853.950
   854.259
   854.568
   854.877
   855.186
   855.495
   855.805
   856.115
   856.426
   856.736
   857.047
   857.358
   857.669
   857.981
   858.293
   858.605
   858.917
   859.229
   859.542
   859.855
   860.168
   860.482
   860.795
   861.109
   861.424
   861.738
   862.053
   862.368
   862.683
   862.998
   863.314
   863.630
   863.946
   864.263
   864.579
   864.896
   865.214
   865.531
   865.849
   866.167
   866.485
   866.803
   867.122
   867.441
   867.760
   868.080
   868.399
   868.719
   869.040
   869.360
   869.681
   870.002
   870.323
   870.645
   870.966
   871.288
   871.611
   871.933
   872.256
   872.579
   872.902
   873.226
   873.550
   873.874
   874.198
   874.523
   874.847
   875.173
   875.498
   875.823
   876.149
   876.475
   876.802
   877.128
   877.455
   877.783
   878.110
   878.438
   878.766
   879.094
   879.422
   879.751
   880.080
   880.409
   880.739
   881.069
   881.399
   881.729
   882.060
   882.390
   882.721
   883.053
   883.384
   883.716
   884.049
   884.381
   884.714
   885.047
   885.380
   885.713
   886.047
   886.381
   886.715
   887.050
   887.385
   887.720
   888.055
   888.391
   888.727
   889.063
   889.399
   889.736
   890.073
   890.410
   890.748
   891.086
   891.424
   891.762
   892.101
   892.440
   892.779
   893.118
   893.458
   893.798
   894.138
   894.479
   894.820
   895.161
   895.502
   895.844
   896.185
   896.528
   896.870
   897.213
   897.556
   897.899
   898.243
   898.586
   898.931
   899.275
   899.620
   899.965
   900.310
   900.655
   901.001
   901.347
   901.694
   902.040
   902.387
   902.734
   903.082
   903.429
   903.777
   904.120
   904.459
   904.798
   905.137
   905.476
   905.815
   906.154
   906.493
   906.832
   907.171
   907.510
   907.849
   908.188
   908.527
   908.866
   909.205
   909.544
   909.883
   910.222
   910.561
   910.900
   911.235
   911.590
   911.945
   912.301
   912.656
   913.012
   913.369
   913.725
   914.082
   914.439
   914.796
   915.154
   915.512
   915.870
   916.229
   916.588
   916.947
   917.306
   917.666
   918.026
   918.386
   918.747
   919.108
   919.469
   919.830
   920.192
   920.554
   920.917
   921.279
   921.642
   922.005
   922.369
   922.733
   923.097
   923.461
   923.826
   924.191
   924.556
   924.922
   925.288
   925.654
   926.021
   926.387
   926.754
   927.122
   927.490
   927.858
   928.226
   928.594
   928.963
   929.333
   929.702
   930.072
   930.442
   930.812
   931.183
   931.554
   931.925
   932.297
   932.669
   933.041
   933.414
   933.787
   934.160
   934.533
   934.907
   935.281
   935.655
   936.030
   936.405
   936.780
   937.156
   937.532
   937.908
   938.285
   938.662
   939.039
   939.416
   939.794
   940.172
   940.550
   940.929
   941.308
   941.688
   942.067
   942.447
   942.827
   943.208
   943.589
   943.970
   944.352
   944.733
   945.116
   945.498
   945.881
   946.264
   946.647
   947.031
   947.415
   947.800
   948.184
   948.569
   948.955
   949.340
   949.726
   950.113
   950.499
   950.886
   951.273
   951.661
   952.049
   952.437
   952.825
   953.214
   953.604
   953.993
   954.383
   954.773
   955.163
   955.554
   955.945
   956.337
   956.729
   957.121
   957.513
   957.906
   958.299
   958.692
   959.086
   959.480
   959.874
   960.269
   960.664
   961.060
   961.455
   961.851
   962.248
   962.644
   963.041
   963.439
   963.836
   964.234
   964.633
   965.031
   965.430
   965.830
   966.229
   966.630
   967.030
   967.431
   967.832
   968.233
   968.635
   969.037
   969.439
   969.842
   970.245
   970.648
   971.052
   971.456
   971.860
   972.265
   972.670
   973.075
   973.481
   973.887
   974.294
   974.631
   975.039
   975.446
   975.854
   976.262
   976.670
   977.079
   977.488
   977.898
   978.308
   978.718
   979.128
   979.539
   979.950
   980.362
   980.774
   981.186
   981.599
   982.011
   982.425
   982.838
   983.252
   983.667
   984.081
   984.496
   984.912
   985.327
   985.743
   986.160
   986.576
   986.993
   987.411
   987.829
   988.247
   988.665
   989.084
   989.503
   989.923
   990.343
   990.763
   991.183
   991.604
   992.026
   992.447
   992.869
   993.292
   993.714
   994.137
   994.561
   994.984
   995.409
   995.833
   996.258
   996.683
   997.109
   997.535
   997.961
   998.387
   998.814
   999.242
   999.670
   1000.098
   1000.526
   1000.955
   1001.384
   1001.813
   1002.243
   1002.674
   1003.104
   1003.535
   1003.966
   1004.398
   1004.830
   1005.263
   1005.695
   1006.129
   1006.562
   1006.996
   1007.430
   1007.865
   1008.300
   1008.735
   1009.171
   1009.607
   1010.044
   1010.480
   1010.918
   1011.355
   1011.793
   1012.231
   1012.670
   1013.109
   1013.549
   1013.988
   1014.429
   1014.869
   1015.310
   1015.751
   1016.193
   1016.635
   1017.078
   1017.520
   1017.964
   1018.407
   1018.851
   1019.296
   1019.740
   1020.185
   1020.631
   1021.077
   1021.523
   1021.969
   1022.416
   1022.864
   1023.312
   1023.760
   1024.208
   1024.657
   1025.106
   1025.556
   1026.006
   1026.457
   1026.907
   1027.359
   1027.810
   1028.262
   1028.715
   1029.167
   1029.620
   1030.074
   1030.528
   1030.982
   1031.437
   1031.892
   1032.347
   1032.803
   1033.260
   1033.716
   1034.173
   1034.631
   1035.089
   1035.547
   1036.005
   1036.465
   1036.924
   1037.384
   1037.844
   1038.305
   1038.766
   1039.227
   1039.689
   1040.151
   1040.614
   1041.077
   1041.540
   1042.004
   1042.468
   1042.933
   1043.398
   1043.863
   1044.329
   1044.795
   1045.262
   1045.729
   1046.196
   1046.650
   1047.099
   1047.548
   1047.997
   1048.446
   1048.895
   1049.344
   1049.793
   1050.242
   1050.691
   1051.140
   1051.589
   1052.039
   1052.488
   1052.937
   1053.386
   1053.835
   1054.284
   1054.733
   1055.182
   1055.631
   1056.075
   1056.551
   1057.027
   1057.504
   1057.981
   1058.459
   1058.936
   1059.415
   1059.893
   1060.372
   1060.852
   1061.332
   1061.812
   1062.293
   1062.774
   1063.256
   1063.738
   1064.220
   1064.703
   1065.186
   1065.670
   1066.154
   1066.639
   1067.124
   1067.609
   1068.095
   1068.581
   1069.067
   1069.554
   1070.042
   1070.530
   1071.018
   1071.507
   1071.996
   1072.485
   1072.975
   1073.466
   1073.957
   1074.448
   1074.940
   1075.432
   1075.924
   1076.417
   1076.911
   1077.404
   1077.899
   1078.393
   1078.888
   1079.384
   1079.880
   1080.376
   1080.873
   1081.370
   1081.868
   1082.366
   1082.865
   1083.364
   1083.863
   1084.363
   1084.863
   1085.364
   1085.865
   1086.367
   1086.869
   1087.371
   1087.874
   1088.378
   1088.881
   1089.386
   1089.890
   1090.395
   1090.901
   1091.407
   1091.913
   1092.420
   1092.928
   1093.435
   1093.944
   1094.452
   1094.961
   1095.471
   1095.981
   1096.491
   1097.002
   1097.514
   1098.025
   1098.538
   1099.050
   1099.563
   1100.077
   1100.591
   1101.106
   1101.621
   1102.136
   1102.652
   1103.168
   1103.685
   1104.202
   1104.720
   1105.238
   1105.756
   1106.276
   1106.795
   1107.315
   1107.835
   1108.356
   1108.878
   1109.399
   1109.922
   1110.444
   1110.968
   1111.491
   1112.015
   1112.540
   1113.065
   1113.590
   1114.116
   1114.643
   1115.170
   1115.697
   1116.225
   1116.753
   1117.282
   1117.811
   1118.341
   1118.871
   1119.402
   1119.933
   1120.464
   1120.996
   1121.529
   1122.062
   1122.595
   1123.129
   1123.664
   1124.199
   1124.734
   1125.270
   1125.806
   1126.343
   1126.880
   1127.418
   1127.956
   1128.495
   1129.034
   1129.574
   1130.114
   1130.655
   1131.196
   1131.738
   1132.280
   1132.822
   1133.365
   1133.909
   1134.453
   1134.997
   1135.542
   1136.088
   1136.634
   1137.161
   1137.682
   1138.204
   1138.726
   1139.247
   1139.769
   1140.291
   1140.813
   1141.334
   1141.856
   1142.378
   1142.899
   1143.421
   1143.943
   1144.464
   1144.986
   1145.508
   1146.029
   1146.551
   1147.073
   1147.594
   1148.116
   1148.638
   1149.160
   1149.681
   1150.203
   1150.725
   1151.246
   1151.768
   1152.290
   1152.811
   1153.333
   1153.855
   1154.376
   1154.898
   1155.420
   1155.942
   1156.463
   1156.985
   1157.506
   1158.028
   1158.550
   1159.072
   1159.593
   1160.115
   1160.637
   1161.158
   1161.680
   1162.202
   1162.723
   1163.245
   1163.767
   1164.288
   1164.810
   1165.332
   1165.854
   1166.375
   1166.897
   1167.418
   1167.940
   1168.462
   1168.984
   1169.505
   1170.027
   1170.549
   1171.070
   1171.592
   1172.114
   1172.635
   1173.157
   1173.679
   1174.200
   1174.722
   1175.244
   1175.766
   1176.287
   1176.809
   1177.331
   1177.852
   1178.374
   1178.896
   1179.417
   1179.939
   1180.461
   1180.982
   1181.504
   1182.026
   1182.547
   1183.069
   1183.591
   1184.113
   1184.634
   1185.156
   1185.678
   1186.199
   1186.721
   1187.243
   1187.764
   1188.286
   1188.808
   1189.329
   1189.851
   1190.373
   1190.894
   1191.416
   1191.938
   1192.459
   1192.981
   1193.503
   1194.025
   1194.546
   1195.068
   1195.590
   1196.111
   1196.633
   1197.155
   1197.676
   1198.198
   1198.720
   1199.241
   1199.763
   1200.285
   1200.807
   1201.328
   1201.850
   1202.371
   1202.893
   1203.415
   1203.937
   1204.458
   1204.980
   1205.502
   1206.023
   1206.545
   1207.067
   1207.588
   1208.110
   1208.632
   1209.153
   1209.675
   1210.197
   1210.719
   1211.240
   1211.762
   1212.283
   1212.805
   1213.327
   1213.849
   1214.370
   1214.892
   1215.414
   1215.935
   1216.457
   1216.974
   1217.481
   1217.988
   1218.496
   1219.004
   1219.513
   1220.022
   1220.531
   1221.041
   1221.552
   1222.063
   1222.574
   1223.085
   1223.597
   1224.110
   1224.623
   1225.136
   1225.650
   1226.164
   1226.679
   1227.194
   1227.709
   1228.225
   1228.742
   1229.258
   1229.775
   1230.293
   1230.811
   1231.330
   1231.849
   1232.368
   1232.888
   1233.408
   1233.929
   1234.450
   1234.971
   1235.493
   1236.016
   1236.538
   1237.062
   1237.585
   1238.110
   1238.634
   1239.159
   1239.685
   1240.211
   1240.737
   1241.264
   1241.791
   1242.319
   1242.847
   1243.375
   1243.904
   1244.434
   1244.964
   1245.494
   1246.025
   1246.556
   1247.088
   1247.620
   1248.152
   1248.685
   1249.219
   1249.753
   1250.287
   1250.822
   1251.357
   1251.893
   1252.429
   1252.966
   1253.503
   1254.040
   1254.578
   1255.116
   1255.655
   1256.195
   1256.734
   1257.275
   1257.815
   1258.357
   1258.898
   1259.440
   1259.983
   1260.526
   1261.069
   1261.613
   1262.157
   1262.702
   1263.247
   1263.793
   1264.339
   1264.886
   1265.433
   1265.981
   1266.529
   1267.077
   1267.626
   1268.176
   1268.726
   1269.276
   1269.827
   1270.378
   1270.930
   1271.482
   1272.035
   1272.588
   1273.128
   1273.663
   1274.198
   1274.732
   1275.267
   1275.801
   1276.336
   1276.870
   1277.405
   1277.939
   1278.474
   1279.008
   1279.543
   1280.077
   1280.612
   1281.146
   1281.681
   1282.216
   1282.750
   1283.285
   1283.819
   1284.348
   1284.911
   1285.475
   1286.039
   1286.604
   1287.169
   1287.735
   1288.301
   1288.868
   1289.435
   1290.003
   1290.571
   1291.139
   1291.709
   1292.278
   1292.848
   1293.419
   1293.990
   1294.561
   1295.133
   1295.706
   1296.279
   1296.853
   1297.427
   1298.001
   1298.576
   1299.151
   1299.727
   1300.304
   1300.881
   1301.458
   1302.036
   1302.615
   1303.194
   1303.773
   1304.353
   1304.934
   1305.515
   1306.096
   1306.678
   1307.260
   1307.843
   1308.427
   1309.011
   1309.595
   1310.180
   1310.766
   1311.352
   1311.938
   1312.525
   1313.113
   1313.701
   1314.289
   1314.878
   1315.468
   1316.058
   1316.648
   1317.239
   1317.831
   1318.423
   1319.016
   1319.609
   1320.202
   1320.796
   1321.391
   1321.986
   1322.582
   1323.178
   1323.775
   1324.372
   1324.970
   1325.568
   1326.167
   1326.766
   1327.366
   1327.967
   1328.567
   1329.169
   1329.771
   1330.373
   1330.976
   1331.580
   1332.184
   1332.788
   1333.393
   1333.999
   1334.605
   1335.212
   1335.819
   1336.427
   1337.035
   1337.644
   1338.161
   1338.669
   1339.178
   1339.687
   1340.196
   1340.706
   1341.216
   1341.727
   1342.238
   1342.749
   1343.261
   1343.773
   1344.286
   1344.799
   1345.312
   1345.826
   1346.340
   1346.855
   1347.370
   1347.886
   1348.402
   1348.918
   1349.435
   1349.952
   1350.469
   1350.987
   1351.506
   1352.025
   1352.544
   1353.063
   1353.584
   1354.104
   1354.625
   1355.146
   1355.668
   1356.190
   1356.713
   1357.236
   1357.759
   1358.283
   1358.807
   1359.332
   1359.857
   1360.383
   1360.909
   1361.435
   1361.962
   1362.489
   1363.017
   1363.545
   1364.073
   1364.602
   1365.131
   1365.661
   1366.191
   1366.722
   1367.253
   1367.785
   1368.317
   1368.849
   1369.382
   1369.915
   1370.449
   1370.983
   1371.517
   1372.052
   1372.588
   1373.123
   1373.660
   1374.196
   1374.733
   1375.271
   1375.809
   1376.347
   1376.886
   1377.425
   1377.965
   1378.505
   1379.046
   1379.587
   1380.128
   1380.670
   1381.213
   1381.756
   1382.299
   1382.842
   1383.387
   1383.931
   1384.476
   1385.022
   1385.568
   1386.114
   1386.661
   1387.208
   1387.756
   1388.304
   1388.852
   1389.401
   1389.951
   1390.501
   1391.051
   1391.602
   1392.153
   1392.705
   1393.257
   1393.810
   1394.363
   1394.916
   1395.470
   1396.025
   1396.579
   1397.135
   1397.691
   1398.247
   1398.803
   1399.361
   1399.918
   1400.476
   1401.035
   1401.594
   1402.153
   1402.713
   1403.273
   1403.834
   1404.396
   1404.957
   1405.519
   1406.082
   1406.645
   1407.209
   1407.773
   1408.337
   1408.902
   1409.468
   1410.034
   1410.600
   1411.167
   1411.734
   1412.302
   1412.870
   1413.439
   1414.008
   1414.578
   1415.148
   1415.718
   1416.289
   1416.861
   1417.433
   1418.005
   1418.578
   1419.151
   1419.725
   1420.300
   1420.874
   1421.450
   1422.026
   1422.602
   1423.178
   1423.756
   1424.333
   1424.911
   1425.490
   1426.069
   1426.649
   1427.229
   1427.809
   1428.390
   1428.972
   1429.554
   1430.136
   1430.719
   1431.303
   1431.887
   1432.471
   1433.056
   1433.641
   1434.227
   1434.814
   1435.400
   1435.988
   1436.576
   1437.164
   1437.753
   1438.342
   1438.932
   1439.522
   1440.113
   1440.704
   1441.296
   1441.888
   1442.481
   1443.074
   1443.653
   1444.226
   1444.799
   1445.372
   1445.945
   1446.518
   1447.091
   1447.664
   1448.237
   1448.810
   1449.383
   1449.956
   1450.529
   1451.102
   1451.675
   1452.248
   1452.821
   1453.394
   1453.967
   1454.540
   1455.114
   1455.687
   1456.260
   1456.833
   1457.406
   1457.979
   1458.552
   1459.125
   1459.698
   1460.265
   1460.873
   1461.482
   1462.091
   1462.701
   1463.311
   1463.922
   1464.533
   1465.145
   1465.758
   1466.371
   1466.984
   1467.598
   1468.212
   1468.827
   1469.443
   1470.059
   1470.675
   1471.292
   1471.910
   1472.528
   1473.146
   1473.765
   1474.385
   1475.005
   1475.625
   1476.247
   1476.868
   1477.490
   1478.113
   1478.736
   1479.360
   1479.984
   1480.609
   1481.234
   1481.860
   1482.486
   1483.113
   1483.741
   1484.369
   1484.997
   1485.626
   1486.255
   1486.885
   1487.516
   1488.147
   1488.779
   1489.411
   1490.044
   1490.677
   1491.311
   1491.945
   1492.580
   1493.215
   1493.851
   1494.487
   1495.124
   1495.762
   1496.400
   1497.038
   1497.677
   1498.317
   1498.957
   1499.598
   1500.239
   1500.881
   1501.523
   1502.166
   1502.810
   1503.454
   1504.098
   1504.743
   1505.389
   1506.035
   1506.682
   1507.329
   1507.977
   1508.625
   1509.274
   1509.924
   1510.574
   1511.224
   1511.875
   1512.527
   1513.179
   1513.832
   1514.485
   1515.139
   1515.793
   1516.448
   1517.104
   1517.760
   1518.417
   1519.074
   1519.732
   1520.390
   1521.049
   1521.708
   1522.368
   1523.029
   1523.690
   1524.352
   1525.014
   1525.677
   1526.340
   1527.004
   1527.651
   1528.292
   1528.933
   1529.573
   1530.214
   1530.854
   1531.495
   1532.135
   1532.776
   1533.417
   1534.057
   1534.698
   1535.338
   1535.979
   1536.619
   1537.260
   1537.900
   1538.541
   1539.182
   1539.822
   1540.463
   1541.096
   1541.772
   1542.449
   1543.126
   1543.803
   1544.482
   1545.160
   1545.840
   1546.520
   1547.200
   1547.881
   1548.563
   1549.245
   1549.928
   1550.612
   1551.296
   1551.980
   1552.666
   1553.351
   1554.038
   1554.725
   1555.412
   1556.100
   1556.789
   1557.478
   1558.168
   1558.859
   1559.550
   1560.242
   1560.934
   1561.627
   1562.320
   1563.014
   1563.709
   1564.404
   1565.100
   1565.797
   1566.494
   1567.192
   1567.890
   1568.589
   1569.288
   1569.988
   1570.689
   1571.390
   1572.092
   1572.795
   1573.498
   1574.201
   1574.906
   1575.611
   1576.316
   1577.022
   1577.729
   1578.437
   1579.145
   1579.853
   1580.562
   1581.272
   1581.983
   1582.694
   1583.405
   1584.118
   1584.831
   1585.544
   1586.258
   1586.973
   1587.688
   1588.404
   1589.121
   1589.838
   1590.556
   1591.275
   1591.994
   1592.714
   1593.434
   1594.155
   1594.877
   1595.599
   1596.322
   1597.045
   1597.769
   1598.494
   1599.220
   1599.946
   1600.672
   1601.400
   1602.128
   1602.856
   1603.586
   1604.315
   1605.046
   1605.777
   1606.509
   1607.241
   1607.974
   1608.708
   1609.442
   1610.177
   1610.913
   1611.649
   1612.386
   1613.124
   1613.862
   2181.494
   2182.400
   2183.306
   2184.213
   2185.121
   2186.030
   2186.939
   2187.850
   2188.761
   2189.672
   2190.585
   2191.498
   2192.412
   2193.326
   2194.242
   2195.158
   2196.075
   2196.992
   2197.911
   2198.830
   2199.750
   2200.671
   2201.592
   2202.514
   2203.437
   2204.361
   2205.285
   2206.211
   2207.137
   2208.063
   2208.991
   2209.919
   2210.848
   2211.778
   2212.709
   2213.640
   2214.572
   2215.505
   2216.439
   2217.373
   2218.308
   2219.244
   2220.181
   2221.118
   2222.057
   2222.996
   2223.936
   2224.876
   2225.818
   2226.760
   2227.703
   2228.647
   2229.591
   2230.536
   2231.483
   2232.429
   2233.377
   2234.326
   2235.275
   2236.225
   2237.176
   2238.127
   2239.080
   2240.033
   2240.987
   2241.942
   2242.897
   2243.853
   2244.811
   2245.769
   2246.727
   2247.687
   2248.647
   2249.608
   2250.570
   2251.533
   2252.497
   2253.461
   2254.426
   2255.392
   2256.359
   2257.326
   2258.295
   2259.264
   2260.234
   2261.205
   2262.176
   2263.149
   2264.122
   2265.096
   2266.071
   2267.047
   2268.023
   2269.000
   2269.979
   2270.958
   2271.937
   2272.918
   2273.899
   2274.882
   2275.865
   2276.848
   2277.833
   2278.819
   2279.805
   2280.792
   2281.780
   2282.769
   2283.759
   2284.749
   2285.741
   2286.733
   2287.726
   2288.720
   2289.714
   2290.710
   2291.706
   2292.703
   2293.701
   2294.700
   2295.700
   2296.701
   2297.702
   2298.704
   2299.707
   2300.711
   2301.716
   2302.722
   2303.728
   2304.735
   2305.744
   2306.753
   2307.763
   2308.773
   2309.789
   2310.702
   2311.616
   2312.530
   2313.445
   2314.361
   2315.277
   2316.194
   2317.112
   2318.031
   2318.950
   2319.871
   2320.792
   2321.713
   2322.636
   2323.559
   2324.483
   2325.408
   2326.333
   2327.259
   2328.186
   2329.114
   2330.043
   2330.972
   2331.902
   2332.833
   2333.765
   2334.697
   2335.630
   2336.564
   2337.499
   2338.434
   2339.370
   2340.307
   2341.245
   2342.183
   2343.123
   2344.063
   2345.003
   2345.945
   2346.887
   2347.831
   2348.774
   2349.719
   2350.665
   2351.611
   2352.558
   2353.506
   2354.454
   2355.404
   2356.354
   2357.305
   2358.257
   2359.209
   2360.162
   2361.116
   2362.071
   2363.027
   2363.983
   2364.941
   2365.899
   2366.858
   2367.817
   2368.778
   2369.739
   2370.701
   2371.664
   2372.627
   2373.592
   2374.557
   2375.523
   2376.490
   2377.457
   2378.426
   2379.395
   2380.365
   2381.336
   2382.307
   2383.280
   2384.253
   2385.227
   2386.202
   2387.177
   2388.154
   2389.131
   2390.109
   2391.088
   2392.068
   2393.048
   2394.030
   2395.012
   2395.995
   2396.979
   2397.963
   2398.949
   2399.935
   2400.922
   2401.910
   2402.899
   2403.888
   2404.879
   2405.870
   2406.862
   2407.855
   2408.849
   2409.843
   2410.839
   2411.835
   2412.832
   2413.830
   2414.828
   2415.828
   2416.828
   2417.830
   2418.832
   2419.835
   2420.838
   2421.843
   2422.848
   2423.831
   2424.804
   2425.777
   2426.750
   2427.722
   2428.695
   2429.668
   2430.641
   2431.613
   2432.586
   2433.559
   2434.531
   2435.504
   2436.477
   2437.450
   2438.422
   2439.395
   2440.368
   2441.341
   2442.313
   2443.286
   2444.259
   2445.232
   2446.194
   2447.219
   2448.244
   2449.270
   2450.297
   2451.325
   2452.354
   2453.383
   2454.414
   2455.445
   2456.477
   2457.510
   2458.544
   2459.578
   2460.614
   2461.650
   2462.687
   2463.725
   2464.764
   2465.804
   2466.844
   2467.886
   2468.928
   2469.971
   2471.015
   2472.060
   2473.106
   2474.153
   2475.200
   2476.249
   2477.298
   2478.348
   2479.399
   2480.451
   2481.503
   2482.557
   2483.611
   2484.667
   2485.723
   2486.780
   2487.838
   2488.897
   2489.956
   2491.017
   2492.078
   2493.141
   2494.204
   2495.268
   2496.333
   2497.399
   2498.465
   2499.533
   2500.601
   2501.671
   2502.741
   2503.812
   2504.884
   2505.957
   2507.031
   2508.106
   2509.182
   2510.258
   2511.335
   2512.414
   2513.493
   2514.573
   2515.654
   2516.736
   2517.819
   2518.903
   2519.987
   2521.073
   2522.159
   2523.247
   2524.335
   2525.424
   2526.514
   2527.605
   2528.697
   2529.790
   2530.883
   2531.978
   2533.074
   2534.170
   2535.267
   2536.366
   2537.465
   2538.565
   2539.666
   2540.768
   2541.871
   2542.975
   2544.080
   2545.185
   2546.292
   2547.399
   2548.508
   2549.617
   2550.728
   2551.839
   2552.951
   2554.064
   2555.178
   2556.293
   2557.409
   2558.072
   2559.090
   2560.109
   2561.128
   2562.149
   2563.170
   2564.192
   2565.215
   2566.238
   2567.263
   2568.288
   2569.315
   2570.342
   2571.370
   2572.398
   2573.428
   2574.458
   2575.490
   2576.522
   2577.555
   2578.589
   2579.624
   2580.659
   2581.696
   2582.733
   2583.771
   2584.810
   2585.850
   2586.891
   2587.932
   2588.975
   2590.018
   2591.062
   2592.107
   2593.153
   2594.200
   2595.247
   2596.296
   2597.345
   2598.395
   2599.446
   2600.498
   2601.551
   2602.605
   2603.659
   2604.715
   2605.771
   2606.828
   2607.886
   2608.945
   2610.005
   2611.066
   2612.127
   2613.190
   2614.253
   2615.317
   2616.383
   2617.449
   2618.515
   2619.583
   2620.652
   2621.721
   2622.792
   2623.863
   2624.935
   2626.009
   2627.083
   2628.157
   2629.233
   2630.310
   2631.388
   2632.466
   2633.545
   2634.626
   2635.707
   2636.789
   2637.872
   2638.956
   2640.041
   2641.126
   2642.213
   2643.301
   2644.389
   2645.478
   2646.569
   2647.660
   2648.752
   2649.845
   2650.939
   2652.034
   2653.129
   2654.226
   2655.324
   2656.422
   2657.522
   2658.622
   2659.723
   2660.825
   2661.929
   2663.033
   2664.138
   2665.244
